local _0xcf1d89d6={
142,142,131,83,60,47,24,131,115,63,115,54,115,48,115,51,142,115,51,115
49,115,1,115,61,115,7,115,51,115,3,115,63,131,213,146,147,153,131,144
131,115,31,115,29,115,23,114,32,115,24,114,44,131,115,17,131,115,29,115
23,115,30,115,29,115,31,131,114,34,115,25,114,35,115,27,115,28,114,33
115,22,169,142,142,131,146,138,131,114,35,115,19,114,34,114,34,114,33,115
19,115,30,115,29,115,17,115,25,115,19,131,115,18,115,19,114,43,115,22
115,30,131,136,131,115,28,114,35,115,29,115,25,115,19,114,36,115,25,115
19,131,114,45,115,30,115,27,114,33,115,19,131,150,169,142,142,131,145,138
131,115,19,115,17,114,33,115,29,142,114,34,115,25,115,27,115,28,131,136
131,114,34,115,25,115,29,114,35,115,29,114,34,114,33,114,47,131,219,144
169,142,142,131,144,138,131,115,19,115,17,114,33,115,29,114,35,115,22,114
34,114,33,115,19,114,35,114,33,131,139,243,207,194,218,131,226,196,194,202
205,131,65,37,49,131,239,198,213,198,207,131,150,138,169,169,142,142,131,158
158,158,158,158,131,115,2,115,54,115,3,115,49,115,59,115,2,115,8,131
139,115,29,115,23,115,27,115,30,131,114,35,115,19,115,20,131,115,30,115
19,131,115,17,114,34,115,22,114,38,138,131,158,158,158,158,158,169,207,204
192,194,207,131,246,234,240,131,158,131,196,194,206,198,153,228,198,215,240,198
209,213,202,192,198,139,129,246,208,198,209,234,205,211,214,215,240,198,209,213
202,192,198,129,138,169,207,204,192,194,207,131,243,207,194,218,198,209,208,131
158,131,196,194,206,198,153,228,198,215,240,198,209,213,202,192,198,139,129,243
207,194,218,198,209,208,129,138,169,207,204,192,194,207,131,241,240,131,158,131
196,194,206,198,153,228,198,215,240,198,209,213,202,192,198,139,129,241,198,211
207,202,192,194,215,198,199,240,215,204,209,194,196,198,129,138,169,207,204,192
194,207,131,245,234,238,131,158,131,196,194,206,198,153,228,198,215,240,198,209
213,202,192,198,139,129,245,202,209,215,214,194,207,234,205,211,214,215,238,194
205,194,196,198,209,129,138,169,207,204,192,194,207,131,228,214,202,240,198,209
213,202,192,198,131,158,131,196,194,206,198,153,228,198,215,240,198,209,213,202
192,198,139,129,228,214,202,240,198,209,213,202,192,198,129,138,169,207,204,192
194,207,131,211,207,194,218,198,209,131,158,131,243,207,194,218,198,209,208,141
239,204,192,194,207,243,207,194,218,198,209,169,207,204,192,194,207,131,243,207
194,192,198,246,205,202,215,131,158,131,241,240,141,241,198,206,204,215,198,229
214,205,192,215,202,204,205,208,141,243,207,194,192,198,246,205,202,215,169,207
204,192,194,207,131,246,211,196,209,194,199,198,246,205,202,215,131,158,131,241
240,141,241,198,206,204,215,198,229,214,205,192,215,202,204,205,208,153,244,194
202,215,229,204,209,224,203,202,207,199,139,129,246,211,196,209,194,199,198,246
205,202,215,129,138,169,169,142,142,131,158,158,158,158,158,131,65,57,58,76
27,44,131,115,62,115,51,115,2,115,1,115,3,115,61,115,58,115,57,115
59,131,115,63,115,61,115,55,115,0,115,56,115,54,115,58,131,158,158,158
158,158,169,207,204,192,194,207,131,238,236,231,246,239,230,252,243,239,226,224
230,238,230,237,247,131,158,131,215,209,214,198,131,131,142,142,131,115,31,115
29,115,23,114,32,115,24,114,47,131,146,153,131,114,35,115,19,114,34,114
34,114,33,115,19,115,30,115,29,115,17,115,25,115,19,131,136,131,115,28
114,35,115,29,115,25,115,19,114,36,115,25,115,19,169,207,204,192,194,207
131,238,236,231,246,239,230,252,226,246,247,236,240,232,234,243,131,131,158,131
215,209,214,198,131,131,142,142,131,115,31,115,29,115,23,114,32,115,24,114
47,131,145,153,131,115,19,115,17,114,33,115,29,142,114,34,115,25,115,27
115,28,131,136,131,219,144,169,207,204,192,194,207,131,238,236,231,246,239,230
252,241,230,240,247,226,241,247,131,131,131,158,131,215,209,214,198,131,131,142
142,131,115,31,115,29,115,23,114,32,115,24,114,47,131,144,153,131,115,19
115,17,114,33,115,29,114,35,115,22,114,34,114,33,115,19,114,35,114,33
131,136,131,239,198,213,198,207,131,150,169,169,142,142,131,65,57,58,76,27
44,131,115,3,115,51,115,2,115,60,115,59,115,2,115,51,115,62,115,59
115,54,153,131,114,34,115,22,115,25,114,32,115,30,115,23,115,19,131,115
30,115,19,131,115,27,115,16,114,35,115,29,115,17,115,29,115,31,131,114
33,115,19,115,26,115,31,115,22,114,35,115,22,131,65,37,49,131,234,231
131,114,45,115,30,115,27,114,33,115,19,131,65,37,49,131,115,25,115,29
115,29,114,35,115,23,115,27,115,30,115,19,114,33,114,40,169,207,204,192
194,207,131,240,243,236,247,240,131,158,131,216,169,170,216,131,215,202,206,198
131,158,131,146,155,143,131,202,199,131,158,131,129,214,205,202,215,252,207,194
212,205,206,204,212,198,209,129,143,131,211,204,208,131,158,131,245,198,192,215
204,209,144,141,205,198,212,139,142,155,151,154,141,150,143,131,149,145,141,145
143,131,142,146,145,145,141,154,138,131,222,143,131,142,142,131,114,45,115,30
115,27,114,33,131,146,169,170,216,131,215,202,206,198,131,158,131,145,148,143
131,202,199,131,158,131,129,214,205,202,215,252,209,194,197,197,207,198,208,202
194,129,143,131,211,204,208,131,158,131,245,198,192,215,204,209,144,141,205,198
212,139,142,155,151,145,141,149,143,131,149,145,141,145,143,131,142,146,149,145
141,149,138,131,222,143,131,142,142,131,114,45,115,30,115,27,114,33,131,145
169,170,216,131,215,202,206,198,131,158,131,144,150,143,131,202,199,131,158,131
129,214,205,202,215,252,209,194,197,197,207,198,208,202,194,129,143,131,211,204
208,131,158,131,245,198,192,215,204,209,144,141,205,198,212,139,142,154,145,154
141,151,143,131,149,145,141,145,143,131,142,146,155,155,141,147,138,131,222,143
131,142,142,131,114,45,115,30,115,27,114,33,131,144,169,170,216,131,215,202
206,198,131,158,131,151,150,143,131,202,199,131,158,131,129,214,205,202,215,252
209,194,197,197,207,198,208,202,194,129,143,131,211,204,208,131,158,131,245,198
192,215,204,209,144,141,205,198,212,139,142,155,146,145,141,148,143,131,149,145
141,145,143,131,142,145,145,149,141,146,138,131,222,143,131,142,142,131,114,45
115,30,115,27,114,33,131,151,169,170,216,131,215,202,206,198,131,158,131,150
155,143,131,202,199,131,158,131,129,214,205,202,215,252,209,194,197,197,207,198
208,202,194,129,143,131,211,204,208,131,158,131,245,198,192,215,204,209,144,141
205,198,212,139,142,155,155,145,141,148,143,131,149,145,141,145,143,131,142,145
146,151,141,146,138,131,222,143,131,142,142,131,114,45,115,30,115,27,114,33
131,150,169,222,169,169,142,142,131,65,57,58,76,27,44,131,115,62,115,51
115,2,115,1,115,3,115,61,115,58,115,57,115,59,131,115,60,115,3,115
61,115,57,115,51,115,4,115,57,115,59,169,207,204,192,194,207,131,246,243
228,241,226,231,230,252,231,230,239,226,250,131,158,131,145,131,131,131,142,142
131,115,28,115,19,114,32,115,20,115,19,131,115,28,115,29,114,34,115,24
115,22,131,114,32,114,34,114,33,115,19,115,30,115,29,115,17,115,25,115
27,131,114,45,115,30,115,27,114,33,115,19,131,150,131,139,114,34,115,22
115,25,138,169,207,204,192,194,207,131,246,243,228,241,226,231,230,252,224,236
246,237,247,131,158,131,146,131,131,131,142,142,131,114,34,115,25,115,29,115
24,114,47,115,25,115,29,131,114,32,114,35,115,29,115,17,115,30,115,22
115,26,131,115,28,114,35,115,29,115,25,115,19,114,36,115,19,114,33,114
47,169,207,204,192,194,207,131,246,243,228,241,226,231,230,252,247,241,234,230
240,131,158,131,146,150,131,131,142,142,131,115,28,115,29,115,28,114,40,114
33,115,29,115,25,131,115,30,115,19,131,114,32,114,35,115,29,115,17,115
22,115,30,114,47,143,131,114,35,115,19,115,20,131,115,17,131,145,131,114
34,115,22,115,25,169,169,142,142,131,158,158,158,158,158,131,115,61,115,50
115,10,115,59,115,54,131,115,6,115,54,115,56,115,60,115,54,115,3,115
8,131,158,158,158,158,158,169,207,204,192,194,207,131,197,214,205,192,215,202
204,205,131,202,208,241,198,194,207,207,218,245,202,208,202,193,207,198,139,204
193,201,138,169,170,207,204,192,194,207,131,192,214,209,131,158,131,204,193,201
169,170,212,203,202,207,198,131,192,214,209,131,199,204,169,170,170,202,197,131
192,214,209,153,234,208,226,139,129,228,214,202,236,193,201,198,192,215,129,138
131,194,205,199,131,205,204,215,131,192,214,209,141,245,202,208,202,193,207,198
131,215,203,198,205,131,209,198,215,214,209,205,131,197,194,207,208,198,131,198
205,199,169,170,170,202,197,131,192,214,209,153,234,208,226,139,129,240,192,209
198,198,205,228,214,202,129,138,131,194,205,199,131,205,204,215,131,192,214,209
141,230,205,194,193,207,198,199,131,215,203,198,205,131,209,198,215,214,209,205
131,197,194,207,208,198,131,198,205,199,169,170,170,192,214,209,131,158,131,192
214,209,141,243,194,209,198,205,215,169,170,198,205,199,169,170,209,198,215,214
209,205,131,215,209,214,198,169,198,205,199,169,169,207,204,192,194,207,131,197
214,205,192,215,202,204,205,131,196,198,215,225,214,215,215,204,205,247,198,219
215,139,193,215,205,138,169,170,202,197,131,193,215,205,153,234,208,226,139,129
247,198,219,215,225,214,215,215,204,205,129,138,131,194,205,199,131,193,215,205
141,247,198,219,215,131,221,158,131,129,129,131,215,203,198,205,131,209,198,215
214,209,205,131,193,215,205,141,247,198,219,215,131,198,205,199,169,170,207,204
192,194,207,131,207,193,207,131,158,131,193,215,205,153,229,202,205,199,229,202
209,208,215,224,203,202,207,199,244,203,202,192,203,234,208,226,139,129,247,198
219,215,239,194,193,198,207,129,143,131,215,209,214,198,138,169,170,209,198,215
214,209,205,131,207,193,207,131,194,205,199,131,207,193,207,141,247,198,219,215
131,204,209,131,129,129,169,198,205,199,169,169,207,204,192,194,207,131,197,214
205,192,215,202,204,205,131,192,207,202,192,200,228,214,202,139,204,193,201,138
169,170,207,204,192,194,207,131,192,198,205,215,198,209,131,158,131,204,193,201
141,226,193,208,204,207,214,215,198,243,204,208,202,215,202,204,205,131,136,131
204,193,201,141,226,193,208,204,207,214,215,198,240,202,217,198,131,140,131,145
169,170,207,204,192,194,207,131,219,131,158,131,192,198,205,215,198,209,141,251
169,170,207,204,192,194,207,131,218,131,158,131,192,198,205,215,198,209,141,250
131,136,131,228,214,202,240,198,209,213,202,192,198,153,228,198,215,228,214,202
234,205,208,198,215,139,138,141,250,169,170,245,234,238,153,240,198,205,199,238
204,214,208,198,238,204,213,198,230,213,198,205,215,139,219,143,131,218,143,131
196,194,206,198,138,169,170,215,194,208,200,141,212,194,202,215,139,147,141,147
150,138,169,170,245,234,238,153,240,198,205,199,238,204,214,208,198,225,214,215
215,204,205,230,213,198,205,215,139,219,143,131,218,143,131,147,143,131,215,209
214,198,143,131,196,194,206,198,143,131,147,138,169,170,215,194,208,200,141,212
194,202,215,139,147,141,147,144,138,169,170,245,234,238,153,240,198,205,199,238
204,214,208,198,225,214,215,215,204,205,230,213,198,205,215,139,219,143,131,218
143,131,147,143,131,197,194,207,208,198,143,131,196,194,206,198,143,131,147,138
169,198,205,199,169,169,207,204,192,194,207,131,197,214,205,192,215,202,204,205
131,211,194,209,208,198,240,198,192,204,205,199,208,139,215,198,219,215,138,169
170,207,204,192,194,207,131,206,143,131,208,131,158,131,215,198,219,215,153,206
194,215,192,203,139,129,139,134,199,136,138,153,139,134,199,134,199,138,129,138
169,170,202,197,131,206,131,194,205,199,131,208,131,215,203,198,205,131,209,198
215,214,209,205,131,215,204,205,214,206,193,198,209,139,206,138,131,137,131,149
147,131,136,131,215,204,205,214,206,193,198,209,139,208,138,131,198,205,199,169
170,207,204,192,194,207,131,207,194,208,215,237,214,206,169,170,197,204,209,131
205,214,206,131,202,205,131,215,198,219,215,153,196,206,194,215,192,203,139,129
134,199,136,129,138,131,199,204,131,207,194,208,215,237,214,206,131,158,131,205
214,206,131,198,205,199,169,170,202,197,131,207,194,208,215,237,214,206,131,215
203,198,205,131,209,198,215,214,209,205,131,215,204,205,214,206,193,198,209,139
207,194,208,215,237,214,206,138,131,198,205,199,169,170,209,198,215,214,209,205
131,205,202,207,169,198,205,199,169,169,207,204,192,194,207,131,197,214,205,192
215,202,204,205,131,198,205,199,240,192,209,198,198,205,236,211,198,205,139,138
169,170,207,204,192,194,207,131,196,214,202,131,158,131,211,207,194,218,198,209
153,229,202,205,199,229,202,209,208,215,224,203,202,207,199,139,129,243,207,194
218,198,209,228,214,202,129,138,169,170,202,197,131,205,204,215,131,196,214,202
131,215,203,198,205,131,209,198,215,214,209,205,131,197,194,207,208,198,131,198
205,199,169,170,197,204,209,131,252,143,131,204,193,201,131,202,205,131,202,211
194,202,209,208,139,196,214,202,153,228,198,215,231,198,208,192,198,205,199,194
205,215,208,139,138,138,131,199,204,169,170,170,202,197,131,204,193,201,153,234
208,226,139,129,247,198,219,215,239,194,193,198,207,129,138,131,204,209,131,204
193,201,153,234,208,226,139,129,247,198,219,215,225,214,215,215,204,205,129,138
131,215,203,198,205,169,170,170,170,207,204,192,194,207,131,215,131,158,131,204
193,201,141,247,198,219,215,153,207,204,212,198,209,139,138,169,170,170,170,202
197,131,139,215,153,197,202,205,199,139,129,211,207,194,218,131,194,196,194,202
205,129,138,131,204,209,131,215,153,197,202,205,199,139,129,194,214,215,204,211
207,194,218,129,138,138,131,194,205,199,131,202,208,241,198,194,207,207,218,245
202,208,202,193,207,198,139,204,193,201,138,131,215,203,198,205,169,170,170,170
170,209,198,215,214,209,205,131,215,209,214,198,169,170,170,170,198,205,199,169
170,170,198,205,199,169,170,198,205,199,169,170,209,198,215,214,209,205,131,197
194,207,208,198,169,198,205,199,169,169,207,204,192,194,207,131,197,214,205,192
215,202,204,205,131,197,202,205,199,247,202,206,198,209,139,138,169,170,207,204
192,194,207,131,196,214,202,131,158,131,211,207,194,218,198,209,153,244,194,202
215,229,204,209,224,203,202,207,199,139,129,243,207,194,218,198,209,228,214,202
129,138,169,170,197,204,209,131,252,131,158,131,146,143,131,145,147,131,199,204
169,170,170,207,204,192,194,207,131,197,202,209,208,215,131,158,131,216,222,169
170,170,197,204,209,131,252,143,131,204,193,201,131,202,205,131,202,211,194,202
209,208,139,196,214,202,153,228,198,215,231,198,208,192,198,205,199,194,205,215
208,139,138,138,131,199,204,169,170,170,170,202,197,131,204,193,201,153,234,208
226,139,129,247,198,219,215,239,194,193,198,207,129,138,131,194,205,199,131,202
208,241,198,194,207,207,218,245,202,208,202,193,207,198,139,204,193,201,138,131
215,203,198,205,169,170,170,170,170,207,204,192,194,207,131,205,131,158,131,211
194,209,208,198,240,198,192,204,205,199,208,139,204,193,201,141,247,198,219,215
138,169,170,170,170,170,202,197,131,205,131,194,205,199,131,205,131,157,158,131
147,131,194,205,199,131,205,131,159,158,131,149,147,147,131,215,203,198,205,131
197,202,209,208,215,248,204,193,201,254,131,158,131,205,131,198,205,199,169,170
170,170,198,205,199,169,170,170,198,205,199,169,170,170,215,194,208,200,141,212
194,202,215,139,146,141,146,138,169,170,170,197,204,209,131,204,193,201,143,131
211,209,198,213,131,202,205,131,211,194,202,209,208,139,197,202,209,208,215,138
131,199,204,169,170,170,170,202,197,131,204,193,201,141,243,194,209,198,205,215
131,215,203,198,205,169,170,170,170,170,207,204,192,194,207,131,205,204,212,131
158,131,211,194,209,208,198,240,198,192,204,205,199,208,139,204,193,201,141,247
198,219,215,138,169,170,170,170,170,202,197,131,205,204,212,131,194,205,199,131
211,209,198,213,131,194,205,199,131,205,204,212,131,157,131,211,209,198,213,131
194,205,199,131,205,204,212,131,142,131,211,209,198,213,131,159,158,131,149,131
215,203,198,205,169,170,170,170,170,170,215,194,208,200,141,212,194,202,215,139
146,141,146,138,169,170,170,170,170,170,207,204,192,194,207,131,192,203,198,192
200,131,158,131,211,194,209,208,198,240,198,192,204,205,199,208,139,204,193,201
141,247,198,219,215,138,169,170,170,170,170,170,202,197,131,192,203,198,192,200
131,194,205,199,131,192,203,198,192,200,131,157,131,205,204,212,131,215,203,198
205,131,209,198,215,214,209,205,131,204,193,201,131,198,205,199,169,170,170,170
170,198,205,199,169,170,170,170,198,205,199,169,170,170,198,205,199,169,170,170
215,194,208,200,141,212,194,202,215,139,147,141,144,138,169,170,198,205,199,169
170,209,198,215,214,209,205,131,205,202,207,169,198,205,199,169,169,142,142,131
158,158,158,158,158,131,115,60,115,0,115,1,115,59,131,139,115,31,115,29
115,23,114,32,115,24,114,47,131,146,138,131,158,158,158,158,158,169,207,204
192,194,207,131,197,214,205,192,215,202,204,205,131,207,204,194,199,243,194,215
203,208,139,138,169,170,207,204,192,194,207,131,206,194,211,131,158,131,212,204
209,200,208,211,194,192,198,153,229,202,205,199,229,202,209,208,215,224,203,202
207,199,139,129,238,194,211,129,138,169,170,202,197,131,205,204,215,131,206,194
211,131,215,203,198,205,131,209,198,215,214,209,205,131,205,202,207,131,198,205
199,169,170,207,204,192,194,207,131,211,194,215,203,208,131,158,131,216,222,169
170,197,204,209,131,211,202,143,131,205,194,206,198,131,202,205,131,202,211,194
202,209,208,139,216,131,129,243,194,215,203,237,204,199,198,208,129,143,131,129
243,194,215,203,237,204,199,198,208,145,129,143,131,129,243,194,215,203,237,204
199,198,208,144,129,131,222,138,131,199,204,169,170,170,207,204,192,194,207,131
197,204,207,199,198,209,131,158,131,206,194,211,153,229,202,205,199,229,202,209
208,215,224,203,202,207,199,139,205,194,206,198,138,169,170,170,207,204,192,194
207,131,212,211,208,131,158,131,216,222,169,170,170,202,197,131,197,204,207,199
198,209,131,215,203,198,205,169,170,170,170,197,204,209,131,252,143,131,211,131
202,205,131,202,211,194,202,209,208,139,197,204,207,199,198,209,153,228,198,215
224,203,202,207,199,209,198,205,139,138,138,131,199,204,169,170,170,170,170,207
204,192,194,207,131,205,131,158,131,211,141,237,194,206,198,153,206,194,215,192
203,139,129,253,244,243,252,139,134,199,136,138,135,129,138,169,170,170,170,170
202,197,131,205,131,194,205,199,131,211,153,234,208,226,139,129,225,194,208,198
243,194,209,215,129,138,131,215,203,198,205,169,170,170,170,170,170,212,211,208
248,215,204,205,214,206,193,198,209,139,205,138,254,131,158,131,211,141,243,204
208,202,215,202,204,205,169,170,170,170,170,198,205,199,169,170,170,170,198,205
199,169,170,170,198,205,199,169,170,170,207,204,192,194,207,131,204,209,199,198
209,198,199,131,158,131,216,222,169,170,170,197,204,209,131,202,131,158,131,146
143,131,128,212,211,208,131,199,204,131,204,209,199,198,209,198,199,248,202,254
131,158,131,212,211,208,248,202,254,131,198,205,199,169,170,170,211,194,215,203
208,248,211,202,254,131,158,131,204,209,199,198,209,198,199,169,170,198,205,199
169,170,209,198,215,214,209,205,131,211,194,215,203,208,169,198,205,199,169,169
207,204,192,194,207,131,197,214,205,192,215,202,204,205,131,211,209,204,201,198
192,215,236,205,243,194,215,203,139,212,211,208,143,131,211,204,208,138,169,170
207,204,192,194,207,131,193,198,208,215,231,143,131,193,198,208,215,226,207,204
205,196,143,131,215,204,215,194,207,131,158,131,206,194,215,203,141,203,214,196
198,143,131,147,143,131,147,169,170,197,204,209,131,202,131,158,131,146,143,131
128,212,211,208,131,142,131,146,131,199,204,169,170,170,207,204,192,194,207,131
194,143,131,193,131,158,131,212,211,208,248,202,254,143,131,212,211,208,248,202
131,136,131,146,254,169,170,170,207,204,192,194,207,131,194,193,131,158,131,193
131,142,131,194,169,170,170,207,204,192,194,207,131,207,198,205,131,158,131,194
193,141,238,194,196,205,202,215,214,199,198,169,170,170,207,204,192,194,207,131
215,131,158,131,207,198,205,131,157,131,147,131,194,205,199,131,206,194,215,203
141,192,207,194,206,211,139,139,211,204,208,131,142,131,194,138,153,231,204,215
139,194,193,138,131,140,131,139,207,198,205,131,137,131,207,198,205,138,143,131
147,143,131,146,138,131,204,209,131,147,169,170,170,207,204,192,194,207,131,199
131,158,131,139,211,204,208,131,142,131,139,194,131,136,131,194,193,131,137,131
215,138,138,141,238,194,196,205,202,215,214,199,198,169,170,170,202,197,131,199
131,159,131,193,198,208,215,231,131,215,203,198,205,169,170,170,170,193,198,208
215,231,131,158,131,199,169,170,170,170,193,198,208,215,226,207,204,205,196,131
158,131,215,204,215,194,207,131,136,131,207,198,205,131,137,131,215,169,170,170
198,205,199,169,170,170,215,204,215,194,207,131,136,158,131,207,198,205,169,170
198,205,199,169,170,209,198,215,214,209,205,131,193,198,208,215,226,207,204,205
196,143,131,193,198,208,215,231,169,198,205,199,169,169,207,204,192,194,207,131
197,214,205,192,215,202,204,205,131,211,194,215,203,231,194,215,194,139,211,194
215,203,208,143,131,211,204,208,138,169,170,207,204,192,194,207,131,193,198,208
215,243,194,215,203,143,131,193,198,208,215,226,207,204,205,196,143,131,193,198
208,215,231,169,170,197,204,209,131,211,202,143,131,212,211,208,131,202,205,131
202,211,194,202,209,208,139,211,194,215,203,208,138,131,199,204,169,170,170,202
197,131,128,212,211,208,131,157,158,131,145,131,215,203,198,205,169,170,170,170
207,204,192,194,207,131,194,207,204,205,196,143,131,199,131,158,131,211,209,204
201,198,192,215,236,205,243,194,215,203,139,212,211,208,143,131,211,204,208,138
169,170,170,170,202,197,131,205,204,215,131,193,198,208,215,231,131,204,209,131
199,131,159,131,193,198,208,215,231,131,215,203,198,205,169,170,170,170,170,193
198,208,215,243,194,215,203,143,131,193,198,208,215,226,207,204,205,196,143,131
193,198,208,215,231,131,158,131,211,202,143,131,194,207,204,205,196,143,131,199
169,170,170,170,198,205,199,169,170,170,198,205,199,169,170,198,205,199,169,170
209,198,215,214,209,205,131,193,198,208,215,243,194,215,203,143,131,193,198,208
215,226,207,204,205,196,169,198,205,199,169,169,142,142,131,158,158,158,158,158
131,115,63,115,61,115,55,115,0,115,56,115,15,131,146,153,131,115,0,115
2,115,1,115,51,115,62,115,61,115,49,115,57,115,51,131,136,131,115,60
115,3,115,61,115,57,115,51,115,4,115,57,115,51,131,158,158,158,158,158
169,207,204,192,194,207,131,197,214,205,192,215,202,204,205,131,211,207,194,192
198,246,205,202,215,139,208,211,204,215,143,131,202,205,199,198,219,143,131,211
194,215,203,208,138,169,170,207,204,192,194,207,131,211,194,215,203,234,205,199
198,219,143,131,194,207,204,205,196,131,158,131,211,194,215,203,231,194,215,194
139,211,194,215,203,208,143,131,208,211,204,215,141,211,204,208,138,169,170,197
204,209,131,194,215,215,198,206,211,215,131,158,131,146,143,131,150,131,199,204
169,170,170,207,204,192,194,207,131,204,200,143,131,209,198,208,143,131,198,219
215,209,194,131,158,131,211,192,194,207,207,139,197,214,205,192,215,202,204,205
139,138,169,170,170,170,209,198,215,214,209,205,131,243,207,194,192,198,246,205
202,215,153,234,205,213,204,200,198,240,198,209,213,198,209,139,208,211,204,215
141,202,199,143,131,216,169,170,170,170,170,245,194,207,202,199,131,158,131,215
209,214,198,143,169,170,170,170,170,243,194,215,203,234,205,199,198,219,131,158
131,211,194,215,203,234,205,199,198,219,143,169,170,170,170,170,243,204,208,202
215,202,204,205,131,158,131,208,211,204,215,141,211,204,208,143,169,170,170,170
170,231,202,208,215,194,205,192,198,226,207,204,205,196,243,194,215,203,131,158
131,194,207,204,205,196,143,169,170,170,170,170,241,204,215,194,215,202,204,205
131,158,131,146,155,147,143,169,170,170,170,170,224,229,131,158,131,224,229,209
194,206,198,141,205,198,212,139,208,211,204,215,141,211,204,208,138,143,169,170
170,170,222,138,169,170,170,198,205,199,138,169,170,170,202,197,131,204,200,131
194,205,199,131,209,198,208,131,158,158,131,215,209,214,198,131,215,203,198,205
169,170,170,170,211,209,202,205,215,139,139,129,83,60,47,18,131,115,13,115
30,115,27,114,33,131,128,134,199,131,115,28,115,29,114,34,114,33,115,19
115,17,115,24,115,22,115,30,131,139,115,24,115,22,115,26,115,30,131,134
199,143,131,134,141,146,197,131,115,17,115,23,115,29,115,24,114,47,131,115
28,114,32,114,33,115,27,143,131,202,199,153,131,134,208,138,129,138,153,197
204,209,206,194,215,139,169,170,170,170,170,202,205,199,198,219,143,131,211,194
215,203,234,205,199,198,219,143,131,194,207,204,205,196,143,131,215,204,208,215
209,202,205,196,139,198,219,215,209,194,138,138,138,169,170,170,170,209,198,215
214,209,205,131,215,209,214,198,143,131,198,219,215,209,194,169,170,170,198,205
199,169,170,170,212,194,209,205,139,139,129,65,35,5,131,115,28,115,29,115
28,114,40,114,33,115,25,115,19,131,134,199,153,131,134,208,131,134,208,129
138,153,197,204,209,206,194,215,139,194,215,215,198,206,211,215,143,131,215,204
208,215,209,202,205,196,139,209,198,208,138,143,131,215,204,208,215,209,202,205
196,139,198,219,215,209,194,138,138,138,169,170,170,215,194,208,200,141,212,194
202,215,139,146,141,150,138,169,170,198,205,199,169,170,212,194,209,205,139,129
65,62,47,131,115,13,115,30,115,27,114,33,131,128,129,131,141,141,131,202
205,199,198,219,131,141,141,131,129,131,115,30,115,22,131,115,17,114,34,114
33,115,19,115,24,129,138,169,170,209,198,215,214,209,205,131,197,194,207,208
198,169,198,205,199,169,169,207,204,192,194,207,131,197,214,205,192,215,202,204
205,131,214,211,196,209,194,199,198,246,205,202,215,139,198,205,215,202,215,218
234,199,143,131,202,205,199,198,219,138,169,170,215,194,208,200,141,212,194,202
215,139,246,243,228,241,226,231,230,252,231,230,239,226,250,138,169,170,197,204
209,131,207,213,207,131,158,131,146,143,131,246,243,228,241,226,231,230,252,224
236,246,237,247,131,199,204,169,170,170,207,204,192,194,207,131,199,204,205,198
131,158,131,197,194,207,208,198,169,170,170,197,204,209,131,194,215,215,198,206
211,215,131,158,131,146,143,131,246,243,228,241,226,231,230,252,247,241,234,230
240,131,199,204,169,170,170,170,207,204,192,194,207,131,204,200,143,131,209,198
208,131,158,131,211,192,194,207,207,139,197,214,205,192,215,202,204,205,139,138
169,170,170,170,170,209,198,215,214,209,205,131,246,211,196,209,194,199,198,246
205,202,215,153,234,205,213,204,200,198,240,198,209,213,198,209,139,198,205,215
202,215,218,234,199,138,169,170,170,170,198,205,199,138,169,170,170,170,202,197
131,204,200,131,194,205,199,131,209,198,208,131,221,158,131,197,194,207,208,198
131,215,203,198,205,169,170,170,170,170,211,209,202,205,215,139,139,129,65,15
37,76,27,44,131,115,13,115,30,115,27,114,33,131,128,134,199,131,115,28
114,35,115,29,115,25,115,19,114,36,115,19,115,30,130,131,139,114,32,114
35,115,29,115,17,115,22,115,30,114,47,131,134,199,138,129,138,153,197,204
209,206,194,215,139,202,205,199,198,219,143,131,207,213,207,138,138,169,170,170
170,170,199,204,205,198,131,158,131,215,209,214,198,169,170,170,170,170,193,209
198,194,200,169,170,170,170,198,205,199,169,170,170,170,212,194,209,205,139,139
129,65,35,5,131,115,28,114,35,115,29,115,25,115,19,114,36,115,25,115
19,131,114,32,114,35,141,134,199,143,131,115,28,115,29,115,28,114,40,114
33,115,25,115,19,131,134,199,153,131,134,208,129,138,153,197,204,209,206,194
215,139,207,213,207,143,131,194,215,215,198,206,211,215,143,131,215,204,208,215
209,202,205,196,139,209,198,208,138,138,138,169,170,170,170,215,194,208,200,141
212,194,202,215,139,145,138,169,170,170,198,205,199,169,170,170,202,197,131,205
204,215,131,199,204,205,198,131,215,203,198,205,169,170,170,170,212,194,209,205
139,139,129,65,62,47,131,115,13,115,30,115,27,114,33,131,128,134,199,131
115,30,115,22,131,115,28,114,35,115,29,115,25,115,19,114,36,115,19,115
24,114,34,114,44,131,139,114,32,114,35,115,29,115,17,115,22,115,30,114
47,131,134,199,138,129,138,153,197,204,209,206,194,215,139,202,205,199,198,219
143,131,207,213,207,138,138,169,170,170,170,193,209,198,194,200,169,170,170,198
205,199,169,170,198,205,199,169,198,205,199,169,169,142,142,131,229,131,158,131
115,28,115,29,114,34,114,33,115,19,115,17,115,27,114,33,114,47,131,115
17,114,34,115,22,114,38,131,115,29,114,34,114,33,115,19,115,17,114,43
115,27,114,38,114,34,114,44,131,115,28,114,35,114,44,115,31,115,29,131
114,34,115,22,115,26,114,36,115,19,114,34,169,207,204,192,194,207,131,197
204,209,192,198,226,207,207,131,158,131,197,194,207,208,198,169,246,234,240,141
234,205,211,214,215,225,198,196,194,205,153,224,204,205,205,198,192,215,139,197
214,205,192,215,202,204,205,139,202,205,211,214,215,143,131,196,211,198,138,169
170,202,197,131,205,204,215,131,196,211,198,131,194,205,199,131,202,205,211,214
215,141,232,198,218,224,204,199,198,131,158,158,131,230,205,214,206,141,232,198
218,224,204,199,198,141,229,131,215,203,198,205,131,197,204,209,192,198,226,207
207,131,158,131,215,209,214,198,131,198,205,199,169,198,205,199,138,169,169,142
142,131,158,158,158,158,158,131,115,63,115,61,115,55,115,0,115,56,115,15
131,145,153,131,115,51,115,49,115,1,115,61,142,115,2,115,57,115,59,115
60,131,136,131,219,144,131,139,115,28,115,19,114,35,115,19,115,24,115,24
115,22,115,24,114,47,115,30,114,40,115,26,131,115,30,115,19,115,18,115
24,114,45,115,23,115,19,114,33,115,22,115,24,114,47,138,131,158,158,158
158,158,169,202,197,131,238,236,231,246,239,230,252,226,246,247,236,240,232,234
243,131,215,203,198,205,169,170,215,194,208,200,141,208,211,194,212,205,139,197
214,205,192,215,202,204,205,139,138,169,170,170,207,204,192,194,207,131,208,200
202,211,231,204,205,198,131,158,131,197,194,207,208,198,169,170,170,207,204,192
194,207,131,208,211,198,198,199,231,204,205,198,131,158,131,197,194,207,208,198
169,170,170,207,204,192,194,207,131,193,194,209,229,202,209,208,215,240,198,198
205,131,158,131,205,202,207,169,170,170,211,209,202,205,215,139,129,65,57,2
131,115,63,115,29,115,23,114,32,115,24,114,47,131,145,153,131,115,19,115
17,114,33,115,29,142,114,34,115,25,115,27,115,28,131,136,131,219,144,131
115,20,115,19,115,28,114,32,114,42,115,22,115,30,129,138,169,170,170,212
203,202,207,198,131,215,209,214,198,131,199,204,169,170,170,170,207,204,192,194
207,131,196,214,202,131,158,131,211,207,194,218,198,209,153,229,202,205,199,229
202,209,208,215,224,203,202,207,199,139,129,243,207,194,218,198,209,228,214,202
129,138,169,170,170,170,207,204,192,194,207,131,208,200,202,211,225,215,205,143
131,219,144,169,170,170,170,202,197,131,196,214,202,131,215,203,198,205,169,170
170,170,170,197,204,209,131,252,143,131,204,193,201,131,202,205,131,202,211,194
202,209,208,139,196,214,202,153,228,198,215,231,198,208,192,198,205,199,194,205
215,208,139,138,138,131,199,204,169,170,170,170,170,170,202,197,131,139,204,193
201,153,234,208,226,139,129,247,198,219,215,225,214,215,215,204,205,129,138,131
204,209,131,204,193,201,153,234,208,226,139,129,234,206,194,196,198,225,214,215
215,204,205,129,138,138,131,194,205,199,131,202,208,241,198,194,207,207,218,245
202,208,202,193,207,198,139,204,193,201,138,131,215,203,198,205,169,170,170,170
170,170,170,207,204,192,194,207,131,215,131,158,131,196,198,215,225,214,215,215
204,205,247,198,219,215,139,204,193,201,138,153,207,204,212,198,209,139,138,169
170,170,170,170,170,170,202,197,131,205,204,215,131,208,200,202,211,225,215,205
131,194,205,199,131,215,153,197,202,205,199,139,129,194,214,215,204,131,208,200
202,211,129,138,131,215,203,198,205,131,208,200,202,211,225,215,205,131,158,131
204,193,201,131,198,205,199,169,170,170,170,170,170,170,202,197,131,205,204,215
131,219,144,131,194,205,199,131,215,131,158,158,131,129,219,144,129,131,215,203
198,205,131,219,144,131,158,131,204,193,201,131,198,205,199,169,170,170,170,170
170,198,205,199,169,170,170,170,170,198,205,199,169,170,170,170,198,205,199,169
170,170,170,202,197,131,205,204,215,131,208,200,202,211,225,215,205,131,194,205
199,131,205,204,215,131,219,144,131,215,203,198,205,169,170,170,170,170,142,142
131,115,28,115,19,115,30,115,22,115,24,114,47,131,115,28,114,35,115,29
115,28,115,19,115,24,115,19,131,139,115,31,115,22,115,21,115,23,114,32
131,115,31,115,19,114,33,114,36,115,19,115,31,115,27,138,131,65,37,49
131,114,34,115,18,114,35,115,29,114,34,131,115,23,115,24,114,44,131,115
30,115,29,115,17,115,29,115,16,115,29,131,115,31,115,19,114,33,114,36
115,19,169,170,170,170,170,208,200,202,211,231,204,205,198,143,131,208,211,198
198,199,231,204,205,198,131,158,131,197,194,207,208,198,143,131,197,194,207,208
198,169,170,170,170,170,193,194,209,229,202,209,208,215,240,198,198,205,131,158
131,205,202,207,169,170,170,170,198,207,208,198,169,170,170,170,170,202,197,131
205,204,215,131,193,194,209,229,202,209,208,215,240,198,198,205,131,215,203,198
205,131,193,194,209,229,202,209,208,215,240,198,198,205,131,158,131,204,208,141
192,207,204,192,200,139,138,131,198,205,199,169,170,170,170,170,207,204,192,194
207,131,208,198,215,215,207,198,199,131,158,131,204,208,141,192,207,204,192,200
139,138,131,142,131,193,194,209,229,202,209,208,215,240,198,198,205,131,157,131
147,141,155,169,170,170,170,170,202,197,131,208,198,215,215,207,198,199,131,215
203,198,205,169,170,170,170,170,170,202,197,131,208,200,202,211,225,215,205,131
194,205,199,131,205,204,215,131,208,200,202,211,231,204,205,198,131,215,203,198
205,169,170,170,170,170,170,170,202,197,131,196,198,215,225,214,215,215,204,205
247,198,219,215,139,208,200,202,211,225,215,205,138,153,207,204,212,198,209,139
138,153,197,202,205,199,139,129,204,197,197,129,138,131,215,203,198,205,169,170
170,170,170,170,170,170,192,207,202,192,200,228,214,202,139,208,200,202,211,225
215,205,138,169,170,170,170,170,170,170,170,211,209,202,205,215,139,129,65,63
38,131,226,214,215,204,131,240,200,202,211,131,115,17,115,25,115,24,114,45
114,36,114,50,115,30,129,138,169,170,170,170,170,170,170,198,205,199,169,170
170,170,170,170,170,208,200,202,211,231,204,205,198,131,158,131,215,209,214,198
169,170,170,170,170,170,198,205,199,169,170,170,170,170,170,202,197,131,219,144
131,194,205,199,131,205,204,215,131,208,211,198,198,199,231,204,205,198,131,215
203,198,205,169,170,170,170,170,170,170,192,207,202,192,200,228,214,202,139,219
144,138,169,170,170,170,170,170,170,211,209,202,205,215,139,129,65,63,38,131
115,2,115,25,115,29,114,35,115,29,114,34,114,33,114,47,131,219,144,131
115,17,114,40,115,18,114,35,115,19,115,30,115,19,129,138,169,170,170,170
170,170,170,208,211,198,198,199,231,204,205,198,131,158,131,215,209,214,198,169
170,170,170,170,170,198,205,199,169,170,170,170,170,198,205,199,169,170,170,170
198,205,199,169,170,170,170,215,194,208,200,141,212,194,202,215,139,147,141,151
138,169,170,170,198,205,199,169,170,198,205,199,138,169,198,205,199,169,169,142
142,131,158,158,158,158,158,131,115,63,115,61,115,55,115,0,115,56,115,15
131,144,153,131,115,51,115,49,115,1,115,61,115,3,115,54,115,2,115,1
115,51,115,3,115,1,131,139,115,28,115,19,114,35,115,19,115,24,115,24
115,22,115,24,114,47,115,30,114,40,115,26,131,115,30,115,19,115,18,115
24,114,45,115,23,115,19,114,33,115,22,115,24,114,47,138,131,158,158,158
158,158,169,202,197,131,238,236,231,246,239,230,252,241,230,240,247,226,241,247
131,215,203,198,205,169,170,215,194,208,200,141,208,211,194,212,205,139,197,214
205,192,215,202,204,205,139,138,169,170,170,207,204,192,194,207,131,197,214,205
192,215,202,204,205,131,197,202,205,199,225,218,247,198,219,215,139,200,198,218
212,204,209,199,138,169,170,170,170,207,204,192,194,207,131,196,214,202,131,158
131,211,207,194,218,198,209,153,229,202,205,199,229,202,209,208,215,224,203,202
207,199,139,129,243,207,194,218,198,209,228,214,202,129,138,169,170,170,170,202
197,131,205,204,215,131,196,214,202,131,215,203,198,205,131,209,198,215,214,209
205,131,205,202,207,131,198,205,199,169,170,170,170,197,204,209,131,252,143,131
204,193,201,131,202,205,131,202,211,194,202,209,208,139,196,214,202,153,228,198
215,231,198,208,192,198,205,199,194,205,215,208,139,138,138,131,199,204,169,170
170,170,170,202,197,131,139,204,193,201,153,234,208,226,139,129,247,198,219,215
225,214,215,215,204,205,129,138,131,204,209,131,204,193,201,153,234,208,226,139
129,234,206,194,196,198,225,214,215,215,204,205,129,138,138,131,194,205,199,131
202,208,241,198,194,207,207,218,245,202,208,202,193,207,198,139,204,193,201,138
131,215,203,198,205,169,170,170,170,170,170,202,197,131,196,198,215,225,214,215
215,204,205,247,198,219,215,139,204,193,201,138,153,207,204,212,198,209,139,138
153,197,202,205,199,139,200,198,218,212,204,209,199,138,131,215,203,198,205,169
170,170,170,170,170,170,209,198,215,214,209,205,131,204,193,201,169,170,170,170
170,170,198,205,199,169,170,170,170,170,198,205,199,169,170,170,170,198,205,199
169,170,170,170,197,204,209,131,252,143,131,204,193,201,131,202,205,131,202,211
194,202,209,208,139,196,214,202,153,228,198,215,231,198,208,192,198,205,199,194
205,215,208,139,138,138,131,199,204,169,170,170,170,170,202,197,131,204,193,201
153,234,208,226,139,129,247,198,219,215,239,194,193,198,207,129,138,131,194,205
199,131,202,208,241,198,194,207,207,218,245,202,208,202,193,207,198,139,204,193
201,138,169,170,170,170,170,170,194,205,199,131,204,193,201,141,247,198,219,215
153,207,204,212,198,209,139,138,153,197,202,205,199,139,200,198,218,212,204,209
199,138,131,215,203,198,205,169,170,170,170,170,170,209,198,215,214,209,205,131
204,193,201,169,170,170,170,170,198,205,199,169,170,170,170,198,205,199,169,170
170,170,209,198,215,214,209,205,131,205,202,207,169,170,170,198,205,199,169,169
170,170,207,204,192,194,207,131,207,194,208,215,241,198,208,215,194,209,215,131
158,131,147,169,170,170,211,209,202,205,215,139,129,83,60,55,34,131,115,63
115,29,115,23,114,32,115,24,114,47,131,144,153,131,115,19,115,17,114,33
115,29,114,35,115,22,114,34,114,33,115,19,114,35,114,33,131,115,20,115
19,115,28,114,32,114,42,115,22,115,30,129,138,169,170,170,212,203,202,207
198,131,215,209,214,198,131,199,204,169,170,170,170,142,142,131,115,11,115,19
115,16,131,146,153,131,115,25,115,29,115,30,115,22,114,37,131,115,31,115
19,114,33,114,36,115,19,131,65,37,49,131,243,207,194,218,131,226,196,194
202,205,131,115,59,115,56,115,59,131,226,214,215,204,211,207,194,218,169,170
170,170,207,204,192,194,207,131,209,198,208,215,194,209,215,225,215,205,131,158
131,197,202,205,199,225,218,247,198,219,215,139,129,211,207,194,218,131,194,196
194,202,205,129,138,131,204,209,131,197,202,205,199,225,218,247,198,219,215,139
129,194,214,215,204,211,207,194,218,129,138,169,170,170,170,202,197,131,209,198
208,215,194,209,215,225,215,205,131,194,205,199,131,204,208,141,192,207,204,192
200,139,138,131,142,131,207,194,208,215,241,198,208,215,194,209,215,131,157,131
144,131,215,203,198,205,169,170,170,170,170,192,207,202,192,200,228,214,202,139
209,198,208,215,194,209,215,225,215,205,138,169,170,170,170,170,207,194,208,215
241,198,208,215,194,209,215,131,158,131,204,208,141,192,207,204,192,200,139,138
169,170,170,170,170,211,209,202,205,215,139,129,65,63,38,131,115,62,115,19
115,21,115,19,115,24,131,115,28,115,22,114,35,115,22,115,20,115,19,115
28,114,32,114,34,115,25,131,115,31,115,19,114,33,114,36,115,19,129,138
169,170,170,170,170,215,194,208,200,141,212,194,202,215,139,147,141,150,138,169
170,170,170,198,205,199,169,170,170,170,142,142,131,115,11,115,19,115,16,131
145,153,131,114,46,115,25,114,35,115,19,115,30,131,115,17,114,40,115,18
115,29,114,35,115,19,131,114,34,115,24,115,29,115,21,115,30,115,29,114
34,114,33,115,27,131,65,37,49,131,239,198,213,198,207,131,150,169,170,170
170,202,197,131,197,202,205,199,225,218,247,198,219,215,139,129,192,203,204,204
208,198,131,207,198,213,198,207,129,138,131,215,203,198,205,169,170,170,170,170
207,204,192,194,207,131,207,198,213,198,207,150,131,158,131,197,202,205,199,225
218,247,198,219,215,139,129,207,198,213,198,207,131,150,129,138,169,170,170,170
170,202,197,131,207,198,213,198,207,150,131,215,203,198,205,169,170,170,170,170
170,192,207,202,192,200,228,214,202,139,207,198,213,198,207,150,138,169,170,170
170,170,170,211,209,202,205,215,139,129,83,60,53,7,131,115,49,114,40,115
18,114,35,115,19,115,24,131,239,198,213,198,207,131,150,131,65,35,55,131
114,34,114,33,115,19,114,35,114,33,131,114,36,115,22,114,35,115,22,115
20,131,150,131,114,34,115,22,115,25,129,138,169,170,170,170,170,170,215,194
208,200,141,212,194,202,215,139,149,138,169,170,170,170,170,198,205,199,169,170
170,170,198,205,199,169,170,170,170,215,194,208,200,141,212,194,202,215,139,147
141,144,138,169,170,170,198,205,199,169,170,198,205,199,138,169,198,205,199,169
169,142,142,131,158,158,158,158,158,131,115,63,115,61,115,55,115,0,115,56
115,15,131,146,153,131,115,48,115,56,115,51,115,49,115,62,115,8,115,58
131,115,5,115,59,115,57,115,56,131,158,158,158,158,158,169,202,197,131,238
236,231,246,239,230,252,243,239,226,224,230,238,230,237,247,131,215,203,198,205
169,170,211,209,202,205,215,139,129,83,60,47,24,131,115,63,115,54,115,48
115,51,142,115,51,115,49,115,1,115,61,115,7,115,51,115,3,115,63,131
213,146,147,131,115,20,115,19,115,16,114,35,114,32,115,21,115,22,115,30
130,131,229,131,158,131,115,28,115,29,114,34,114,33,115,19,115,17,115,27
114,33,114,47,131,115,17,114,34,115,22,114,38,131,114,34,114,35,115,19
115,20,114,32,129,138,169,170,212,203,202,207,198,131,215,209,214,198,131,199
204,169,170,170,207,204,192,194,207,131,215,202,206,198,209,131,158,131,197,202
205,199,247,202,206,198,209,139,138,169,170,170,202,197,131,205,204,215,131,215
202,206,198,209,131,215,203,198,205,169,170,170,170,212,194,209,205,139,129,65
57,3,76,27,44,131,115,1,115,19,115,26,115,31,115,22,114,35,131,115
30,115,22,131,115,30,115,19,115,26,115,23,115,22,115,30,143,131,115,27
114,42,114,32,131,115,23,115,19,115,24,114,47,114,43,115,22,141,141,141
129,138,169,170,170,170,215,194,208,200,141,212,194,202,215,139,145,138,169,170
170,198,207,208,198,169,170,170,170,207,204,192,194,207,131,211,194,215,203,208
131,158,131,207,204,194,199,243,194,215,203,208,139,138,169,170,170,170,202,197
131,205,204,215,131,211,194,215,203,208,131,215,203,198,205,169,170,170,170,170
212,194,209,205,139,129,65,57,3,76,27,44,131,115,60,114,32,114,33,115
27,131,115,30,115,22,131,115,30,115,19,115,26,115,23,115,22,115,30,114
40,143,131,115,21,115,23,114,32,131,115,25,115,19,114,35,114,33,114,32
141,141,141,129,138,169,170,170,170,170,215,194,208,200,141,212,194,202,215,139
145,138,169,170,170,170,198,207,208,198,169,170,170,170,170,211,209,202,205,215
139,129,65,44,18,76,27,44,131,115,1,115,19,115,26,115,31,115,22,114
35,131,115,30,115,19,115,26,115,23,115,22,115,30,143,131,114,34,115,24
115,22,115,21,114,32,131,115,20,115,19,131,114,35,115,19,114,34,115,28
115,27,114,34,115,19,115,30,115,27,115,22,115,31,129,138,169,170,170,170
170,207,204,192,194,207,131,211,207,194,192,198,199,131,158,131,216,222,169,170
170,170,170,207,204,192,194,207,131,207,194,208,215,245,194,207,131,158,131,142
146,169,170,170,170,170,212,203,202,207,198,131,215,202,206,198,209,141,243,194
209,198,205,215,131,199,204,169,170,170,170,170,170,202,197,131,198,205,199,240
192,209,198,198,205,236,211,198,205,139,138,131,215,203,198,205,131,193,209,198
194,200,131,198,205,199,169,170,170,170,170,170,207,204,192,194,207,131,215,131
158,131,211,194,209,208,198,240,198,192,204,205,199,208,139,215,202,206,198,209
141,247,198,219,215,138,169,170,170,170,170,170,202,197,131,215,131,215,203,198
205,169,170,170,170,170,170,170,202,197,131,215,131,159,131,207,194,208,215,245
194,207,131,215,203,198,205,131,193,209,198,194,200,131,198,205,199,169,170,170
170,170,170,170,207,194,208,215,245,194,207,131,158,131,215,169,170,170,170,170
170,170,197,204,209,131,202,143,131,208,211,204,215,131,202,205,131,202,211,194
202,209,208,139,240,243,236,247,240,138,131,199,204,169,170,170,170,170,170,170
170,202,197,131,205,204,215,131,211,207,194,192,198,199,248,202,254,131,194,205
199,131,139,215,131,157,158,131,208,211,204,215,141,215,202,206,198,131,204,209
131,197,204,209,192,198,226,207,207,138,131,215,203,198,205,169,170,170,170,170
170,170,170,170,207,204,192,194,207,131,204,200,145,143,131,198,205,215,202,215
218,234,199,131,158,131,211,207,194,192,198,246,205,202,215,139,208,211,204,215
143,131,202,143,131,211,194,215,203,208,138,169,170,170,170,170,170,170,170,170
211,207,194,192,198,199,248,202,254,131,158,131,215,209,214,198,169,170,170,170
170,170,170,170,170,202,197,131,202,131,158,158,131,150,131,194,205,199,131,204
200,145,131,194,205,199,131,198,205,215,202,215,218,234,199,131,215,203,198,205
169,170,170,170,170,170,170,170,170,170,215,194,208,200,141,208,211,194,212,205
139,214,211,196,209,194,199,198,246,205,202,215,143,131,198,205,215,202,215,218
234,199,143,131,202,138,169,170,170,170,170,170,170,170,170,198,205,199,169,170
170,170,170,170,170,170,198,205,199,169,170,170,170,170,170,170,198,205,199,169
170,170,170,170,170,170,197,204,209,192,198,226,207,207,131,158,131,197,194,207
208,198,169,170,170,170,170,170,198,205,199,169,170,170,170,170,170,215,194,208
200,141,212,194,202,215,139,147,141,146,150,138,169,170,170,170,170,198,205,199
169,170,170,170,170,211,209,202,205,215,139,129,83,60,55,39,131,115,63,115
19,114,33,114,36,131,115,29,115,25,115,29,115,30,114,36,115,22,115,30
131,65,35,55,131,115,21,115,23,114,32,131,114,34,115,24,115,22,115,23
114,32,114,45,114,42,115,27,115,26,129,138,169,170,170,170,170,215,194,208
200,141,212,194,202,215,139,145,138,169,170,170,170,198,205,199,169,170,170,198
205,199,169,170,198,205,199,169,198,205,199,169
}
local _0x20d066=163
local _0xf8e72f88=function(t,k) local _0x032c={} for _0x3a2a=1,#t do _0x032c[_0x3a2a]=string.char(bit32.bxor(t[_0x3a2a],k)) end return table.concat(_0x032c) end
loadstring(_0xf8e72f88(_0xcf1d89d6,_0x20d066))()
