local _0x39e47061={
143,143,130,82,61,54,51,130,114,57,114,60,114,50,114,54,114,55,114,2
130,212,144,152,130,114,24,114,25,115,44,115,37,130,64,36,48,130,114,30
114,23,114,17,114,18,115,38,114,18,115,34,114,30,130,212,147,146,130,138
115,34,114,23,114,29,114,28,130,206,205,195,198,199,208,253,229,195,208,198
199,204,253,244,146,139,168,206,205,193,195,206,130,242,206,195,219,199,208,209
130,159,130,197,195,207,199,152,229,199,214,241,199,208,212,203,193,199,138,128
242,206,195,219,199,208,209,128,139,168,206,205,193,195,206,130,247,235,241,130
159,130,197,195,207,199,152,229,199,214,241,199,208,212,203,193,199,138,128,247
209,199,208,235,204,210,215,214,241,199,208,212,203,193,199,128,139,168,206,205
193,195,206,130,210,206,195,219,199,208,130,159,130,242,206,195,219,199,208,209
140,238,205,193,195,206,242,206,195,219,199,208,168,168,206,205,193,195,206,130
242,227,251,238,237,227,230,253,247,240,238,130,159,130,128,202,214,214,210,209
152,141,141,208,195,213,140,197,203,214,202,215,192,215,209,199,208,193,205,204
214,199,204,214,140,193,205,207,141,201,206,205,209,210,199,208,155,149,155,143
193,205,207,207,203,214,209,141,206,205,195,198,199,208,253,229,195,208,198,199
204,253,244,146,141,207,195,203,204,141,199,197,205,208,128,168,206,205,193,195
206,130,233,231,251,241,253,247,240,238,130,159,130,128,202,214,214,210,209,152
141,141,208,195,213,140,197,203,214,202,215,192,215,209,199,208,193,205,204,214
199,204,214,140,193,205,207,141,201,206,205,209,210,199,208,155,149,155,143,193
205,207,207,203,214,209,141,206,205,195,198,199,208,253,229,195,208,198,199,204
253,244,146,141,207,195,203,204,141,201,199,219,209,140,214,218,214,128,168,168
143,143,130,159,159,159,159,159,130,229,247,235,130,159,159,159,159,159,168,206
205,193,195,206,130,197,215,203,130,159,130,235,204,209,214,195,204,193,199,140
204,199,213,138,128,241,193,208,199,199,204,229,215,203,128,139,168,197,215,203
140,236,195,207,199,130,159,130,128,229,195,208,198,199,204,238,205,195,198,199
208,128,168,197,215,203,140,240,199,209,199,214,237,204,241,210,195,213,204,130
159,130,196,195,206,209,199,168,206,205,193,195,206,130,205,201,234,215,203,142
130,202,215,203,130,159,130,210,193,195,206,206,138,196,215,204,193,214,203,205
204,138,139,130,208,199,214,215,208,204,130,197,199,214,202,215,203,138,139,130
199,204,198,139,168,197,215,203,140,242,195,208,199,204,214,130,159,130,138,205
201,234,215,203,130,195,204,198,130,202,215,203,139,130,205,208,130,210,206,195
219,199,208,152,245,195,203,214,228,205,208,225,202,203,206,198,138,128,242,206
195,219,199,208,229,215,203,128,139,168,168,206,205,193,195,206,130,196,208,195
207,199,130,159,130,235,204,209,214,195,204,193,199,140,204,199,213,138,128,228
208,195,207,199,128,139,168,196,208,195,207,199,140,241,203,216,199,130,159,130
247,230,203,207,144,140,204,199,213,138,146,142,130,145,144,146,142,130,146,142
130,147,149,146,139,168,196,208,195,207,199,140,242,205,209,203,214,203,205,204
130,159,130,247,230,203,207,144,140,204,199,213,138,146,140,151,142,130,143,147
148,146,142,130,146,140,151,142,130,143,154,151,139,168,196,208,195,207,199,140
224,195,193,201,197,208,205,215,204,198,225,205,206,205,208,145,130,159,130,225
205,206,205,208,145,140,196,208,205,207,240,229,224,138,144,150,142,130,144,148
142,130,145,144,139,168,196,208,195,207,199,140,224,205,208,198,199,208,241,203
216,199,242,203,218,199,206,130,159,130,146,168,196,208,195,207,199,140,227,193
214,203,212,199,130,159,130,214,208,215,199,168,196,208,195,207,199,140,242,195
208,199,204,214,130,159,130,197,215,203,168,235,204,209,214,195,204,193,199,140
204,199,213,138,128,247,235,225,205,208,204,199,208,128,142,130,196,208,195,207
199,139,140,225,205,208,204,199,208,240,195,198,203,215,209,130,159,130,247,230
203,207,140,204,199,213,138,146,142,130,147,146,139,168,168,206,205,193,195,206
130,214,203,214,206,199,130,159,130,235,204,209,214,195,204,193,199,140,204,199
213,138,128,246,199,218,214,238,195,192,199,206,128,139,168,214,203,214,206,199
140,241,203,216,199,130,159,130,247,230,203,207,144,140,204,199,213,138,147,142
130,146,142,130,146,142,130,145,148,139,168,214,203,214,206,199,140,224,195,193
201,197,208,205,215,204,198,246,208,195,204,209,210,195,208,199,204,193,219,130
159,130,147,168,214,203,214,206,199,140,246,199,218,214,130,159,130,128,82,61
46,25,130,229,195,208,198,199,204,130,246,230,130,64,34,54,130,114,50,114
16,115,32,114,28,115,38,114,18,115,34,114,30,128,168,214,203,214,206,199
140,246,199,218,214,225,205,206,205,208,145,130,159,130,225,205,206,205,208,145
140,196,208,205,207,240,229,224,138,144,151,151,142,130,144,144,146,142,130,155
146,139,168,214,203,214,206,199,140,228,205,204,214,130,159,130,231,204,215,207
140,228,205,204,214,140,229,205,214,202,195,207,224,205,206,198,168,214,203,214
206,199,140,246,199,218,214,241,203,216,199,130,159,130,147,148,168,214,203,214
206,199,140,242,195,208,199,204,214,130,159,130,196,208,195,207,199,168,168,206
205,193,195,206,130,192,205,218,130,159,130,235,204,209,214,195,204,193,199,140
204,199,213,138,128,246,199,218,214,224,205,218,128,139,168,192,205,218,140,241
203,216,199,130,159,130,247,230,203,207,144,140,204,199,213,138,147,142,130,143
145,144,142,130,146,142,130,145,148,139,168,192,205,218,140,242,205,209,203,214
203,205,204,130,159,130,247,230,203,207,144,140,204,199,213,138,146,142,130,147
148,142,130,146,142,130,150,150,139,168,192,205,218,140,224,195,193,201,197,208
205,215,204,198,225,205,206,205,208,145,130,159,130,225,205,206,205,208,145,140
196,208,205,207,240,229,224,138,150,146,142,130,150,145,142,130,151,144,139,168
192,205,218,140,246,199,218,214,225,205,206,205,208,145,130,159,130,225,205,206
205,208,145,140,196,208,205,207,240,229,224,138,144,151,151,142,130,144,151,151
142,130,144,151,151,139,168,192,205,218,140,242,206,195,193,199,202,205,206,198
199,208,246,199,218,214,130,159,130,128,114,48,114,16,114,23,114,22,114,26
130,114,24,114,25,115,44,115,37,140,140,140,128,168,192,205,218,140,242,206
195,193,199,202,205,206,198,199,208,225,205,206,205,208,145,130,159,130,225,205
206,205,208,145,140,196,208,205,207,240,229,224,138,147,144,146,142,130,147,144
150,142,130,147,145,151,139,168,192,205,218,140,246,199,218,214,130,159,130,128
128,168,192,205,218,140,228,205,204,214,130,159,130,231,204,215,207,140,228,205
204,214,140,229,205,214,202,195,207,168,192,205,218,140,246,199,218,214,241,203
216,199,130,159,130,147,150,168,192,205,218,140,225,206,199,195,208,246,199,218
214,237,204,228,205,193,215,209,130,159,130,196,195,206,209,199,168,192,205,218
140,242,195,208,199,204,214,130,159,130,196,208,195,207,199,168,235,204,209,214
195,204,193,199,140,204,199,213,138,128,247,235,225,205,208,204,199,208,128,142
130,192,205,218,139,140,225,205,208,204,199,208,240,195,198,203,215,209,130,159
130,247,230,203,207,140,204,199,213,138,146,142,130,154,139,168,168,206,205,193
195,206,130,192,214,204,130,159,130,235,204,209,214,195,204,193,199,140,204,199
213,138,128,246,199,218,214,224,215,214,214,205,204,128,139,168,192,214,204,140
241,203,216,199,130,159,130,247,230,203,207,144,140,204,199,213,138,147,142,130
143,145,144,142,130,146,142,130,145,148,139,168,192,214,204,140,242,205,209,203
214,203,205,204,130,159,130,247,230,203,207,144,140,204,199,213,138,146,142,130
147,148,142,130,146,142,130,155,146,139,168,192,214,204,140,224,195,193,201,197
208,205,215,204,198,225,205,206,205,208,145,130,159,130,225,205,206,205,208,145
140,196,208,205,207,240,229,224,138,154,154,142,130,147,148,146,142,130,154,146
139,168,192,214,204,140,246,199,218,214,225,205,206,205,208,145,130,159,130,225
205,206,205,208,145,140,196,208,205,207,240,229,224,138,144,151,151,142,130,144
151,151,142,130,144,151,151,139,168,192,214,204,140,246,199,218,214,130,159,130
128,82,61,56,34,130,114,53,114,18,114,29,115,33,115,35,115,32,114,26
115,32,115,46,128,168,192,214,204,140,228,205,204,214,130,159,130,231,204,215
207,140,228,205,204,214,140,229,205,214,202,195,207,224,205,206,198,168,192,214
204,140,246,199,218,214,241,203,216,199,130,159,130,147,150,168,192,214,204,140
242,195,208,199,204,214,130,159,130,196,208,195,207,199,168,235,204,209,214,195
204,193,199,140,204,199,213,138,128,247,235,225,205,208,204,199,208,128,142,130
192,214,204,139,140,225,205,208,204,199,208,240,195,198,203,215,209,130,159,130
247,230,203,207,140,204,199,213,138,146,142,130,154,139,168,168,206,205,193,195
206,130,209,214,195,214,215,209,130,159,130,235,204,209,214,195,204,193,199,140
204,199,213,138,128,246,199,218,214,238,195,192,199,206,128,139,168,209,214,195
214,215,209,140,241,203,216,199,130,159,130,247,230,203,207,144,140,204,199,213
138,147,142,130,146,142,130,146,142,130,144,150,139,168,209,214,195,214,215,209
140,242,205,209,203,214,203,205,204,130,159,130,247,230,203,207,144,140,204,199
213,138,146,142,130,146,142,130,146,142,130,147,145,150,139,168,209,214,195,214
215,209,140,224,195,193,201,197,208,205,215,204,198,246,208,195,204,209,210,195
208,199,204,193,219,130,159,130,147,168,209,214,195,214,215,209,140,246,199,218
214,130,159,130,128,128,168,209,214,195,214,215,209,140,246,199,218,214,225,205
206,205,208,145,130,159,130,225,205,206,205,208,145,140,196,208,205,207,240,229
224,138,144,146,146,142,130,144,146,146,142,130,144,146,146,139,168,209,214,195
214,215,209,140,228,205,204,214,130,159,130,231,204,215,207,140,228,205,204,214
140,229,205,214,202,195,207,168,209,214,195,214,215,209,140,246,199,218,214,241
203,216,199,130,159,130,147,145,168,209,214,195,214,215,209,140,242,195,208,199
204,214,130,159,130,196,208,195,207,199,168,168,143,143,130,114,29,114,23,115
34,114,23,115,32,114,18,115,35,114,24,114,26,114,16,114,18,114,31,114
26,114,23,130,114,28,114,24,114,31,114,18,130,138,114,30,115,41,115,42
115,46,130,137,130,115,32,114,18,115,37,139,168,206,205,193,195,206,130,198
208,195,197,197,203,204,197,142,130,198,208,195,197,241,214,195,208,214,142,130
209,214,195,208,214,242,205,209,168,196,208,195,207,199,140,235,204,210,215,214
224,199,197,195,204,152,225,205,204,204,199,193,214,138,196,215,204,193,214,203
205,204,138,203,204,210,215,214,139,168,171,203,196,130,203,204,210,215,214,140
247,209,199,208,235,204,210,215,214,246,219,210,199,130,159,159,130,231,204,215
207,140,247,209,199,208,235,204,210,215,214,246,219,210,199,140,239,205,215,209
199,224,215,214,214,205,204,147,130,205,208,130,203,204,210,215,214,140,247,209
199,208,235,204,210,215,214,246,219,210,199,130,159,159,130,231,204,215,207,140
247,209,199,208,235,204,210,215,214,246,219,210,199,140,246,205,215,193,202,130
214,202,199,204,168,171,171,198,208,195,197,197,203,204,197,130,159,130,214,208
215,199,168,171,171,198,208,195,197,241,214,195,208,214,130,159,130,203,204,210
215,214,140,242,205,209,203,214,203,205,204,168,171,171,209,214,195,208,214,242
205,209,130,159,130,196,208,195,207,199,140,242,205,209,203,214,203,205,204,168
171,199,204,198,168,199,204,198,139,168,247,235,241,140,235,204,210,215,214,225
202,195,204,197,199,198,152,225,205,204,204,199,193,214,138,196,215,204,193,214
203,205,204,138,203,204,210,215,214,139,168,171,203,196,130,198,208,195,197,197
203,204,197,130,195,204,198,130,138,203,204,210,215,214,140,247,209,199,208,235
204,210,215,214,246,219,210,199,130,159,159,130,231,204,215,207,140,247,209,199
208,235,204,210,215,214,246,219,210,199,140,239,205,215,209,199,239,205,212,199
207,199,204,214,130,205,208,130,203,204,210,215,214,140,247,209,199,208,235,204
210,215,214,246,219,210,199,130,159,159,130,231,204,215,207,140,247,209,199,208
235,204,210,215,214,246,219,210,199,140,246,205,215,193,202,139,130,214,202,199
204,168,171,171,206,205,193,195,206,130,198,130,159,130,203,204,210,215,214,140
242,205,209,203,214,203,205,204,130,143,130,198,208,195,197,241,214,195,208,214
168,171,171,196,208,195,207,199,140,242,205,209,203,214,203,205,204,130,159,130
247,230,203,207,144,140,204,199,213,138,209,214,195,208,214,242,205,209,140,250
140,241,193,195,206,199,142,130,209,214,195,208,214,242,205,209,140,250,140,237
196,196,209,199,214,130,137,130,198,140,250,142,130,209,214,195,208,214,242,205
209,140,251,140,241,193,195,206,199,142,130,209,214,195,208,214,242,205,209,140
251,140,237,196,196,209,199,214,130,137,130,198,140,251,139,168,171,199,204,198
168,199,204,198,139,168,247,235,241,140,235,204,210,215,214,231,204,198,199,198
152,225,205,204,204,199,193,214,138,196,215,204,193,214,203,205,204,138,203,204
210,215,214,139,168,171,203,196,130,203,204,210,215,214,140,247,209,199,208,235
204,210,215,214,246,219,210,199,130,159,159,130,231,204,215,207,140,247,209,199
208,235,204,210,215,214,246,219,210,199,140,239,205,215,209,199,224,215,214,214
205,204,147,130,205,208,130,203,204,210,215,214,140,247,209,199,208,235,204,210
215,214,246,219,210,199,130,159,159,130,231,204,215,207,140,247,209,199,208,235
204,210,215,214,246,219,210,199,140,246,205,215,193,202,130,214,202,199,204,168
171,171,198,208,195,197,197,203,204,197,130,159,130,196,195,206,209,199,168,171
199,204,198,168,199,204,198,139,168,168,143,143,130,159,159,159,159,159,130,114
61,114,2,114,60,114,48,114,55,114,2,114,56,114,50,130,114,56,114,57
114,12,114,5,114,50,130,159,159,159,159,159,168,206,205,193,195,206,130,196
215,204,193,214,203,205,204,130,201,199,219,244,195,206,203,198,138,203,204,210
215,214,139,168,171,206,205,193,195,206,130,205,201,142,130,208,199,209,130,159
130,210,193,195,206,206,138,196,215,204,193,214,203,205,204,138,139,168,171,171
208,199,214,215,208,204,130,197,195,207,199,152,234,214,214,210,229,199,214,138
233,231,251,241,253,247,240,238,130,140,140,130,128,157,214,159,128,130,140,140
130,205,209,140,214,203,207,199,138,139,139,130,143,143,130,157,214,159,130,114
28,114,19,115,39,114,28,114,22,114,26,115,32,130,114,24,115,47,115,42
130,229,203,214,234,215,192,168,171,199,204,198,139,168,171,203,196,130,204,205
214,130,205,201,130,205,208,130,214,219,210,199,138,208,199,209,139,130,220,159
130,128,209,214,208,203,204,197,128,130,205,208,130,129,208,199,209,130,159,159
130,146,130,214,202,199,204,130,208,199,214,215,208,204,130,204,203,206,130,199
204,198,130,143,143,130,114,31,114,23,115,32,130,115,35,114,16,115,45,114
21,114,26,141,115,38,114,18,114,27,114,25,114,18,168,171,196,205,208,130
206,203,204,199,130,203,204,130,208,199,209,152,197,207,195,214,193,202,138,128
249,252,254,208,254,204,255,137,128,139,130,198,205,168,171,171,203,196,130,206
203,204,199,152,207,195,214,193,202,138,128,252,135,209,136,138,140,143,139,135
209,136,134,128,139,130,159,159,130,203,204,210,215,214,130,214,202,199,204,130
208,199,214,215,208,204,130,214,208,215,199,130,199,204,198,168,171,199,204,198
168,171,208,199,214,215,208,204,130,196,195,206,209,199,168,199,204,198,168,168
206,205,193,195,206,130,192,215,209,219,130,159,130,196,195,206,209,199,168,206
205,193,195,206,130,196,215,204,193,214,203,205,204,130,195,193,214,203,212,195
214,199,138,139,168,171,203,196,130,192,215,209,219,130,214,202,199,204,130,208
199,214,215,208,204,130,199,204,198,168,171,192,215,209,219,130,159,130,214,208
215,199,168,171,206,205,193,195,206,130,203,204,210,215,214,130,159,130,192,205
218,140,246,199,218,214,152,207,195,214,193,202,138,128,252,135,209,136,138,140
143,139,135,209,136,134,128,139,168,171,203,196,130,203,204,210,215,214,130,159
159,130,128,128,130,214,202,199,204,168,171,171,209,214,195,214,215,209,140,246
199,218,214,130,159,130,128,114,48,114,16,114,23,114,22,114,26,130,114,24
114,25,115,44,115,37,131,128,168,171,171,192,215,209,219,130,159,130,196,195
206,209,199,168,171,171,208,199,214,215,208,204,168,171,199,204,198,168,171,209
214,195,214,215,209,140,246,199,218,214,130,159,130,128,64,45,17,130,114,61
115,34,114,28,114,16,114,23,115,34,115,45,115,44,130,114,24,114,25,115
44,115,37,140,140,140,128,168,171,206,205,193,195,206,130,212,195,206,203,198
130,159,130,201,199,219,244,195,206,203,198,138,203,204,210,215,214,139,168,171
203,196,130,212,195,206,203,198,130,159,159,130,204,203,206,130,214,202,199,204
168,171,171,209,214,195,214,215,209,140,246,199,218,214,130,159,130,128,64,56
2,77,26,45,130,114,63,114,23,130,114,30,114,28,114,17,115,33,130,114
22,114,28,115,35,115,32,115,33,115,37,114,18,115,32,115,46,115,35,115
45,130,114,22,114,28,130,201,199,219,209,140,214,218,214,128,168,171,199,206
209,199,203,196,130,212,195,206,203,198,130,214,202,199,204,168,171,171,209,214
195,214,215,209,140,246,199,218,214,130,159,130,128,64,62,39,130,114,56,114
25,115,44,115,37,130,114,16,114,23,115,34,114,31,115,41,114,27,131,130
114,53,114,18,114,17,115,34,115,33,114,20,114,18,115,44,130,114,18,114
16,115,32,114,28,115,38,114,18,115,34,114,30,140,140,140,128,168,171,171
214,195,209,201,140,213,195,203,214,138,146,140,148,139,168,171,171,197,215,203
152,230,199,209,214,208,205,219,138,139,168,171,171,214,195,209,201,140,209,210
195,213,204,138,196,215,204,193,214,203,205,204,138,139,168,171,171,171,206,205
193,195,206,130,205,201,238,142,130,199,208,208,238,130,159,130,210,193,195,206
206,138,196,215,204,193,214,203,205,204,138,139,168,171,171,171,171,206,205,195
198,209,214,208,203,204,197,138,197,195,207,199,152,234,214,214,210,229,199,214
138,242,227,251,238,237,227,230,253,247,240,238,139,139,138,139,168,171,171,171
199,204,198,139,168,171,171,171,203,196,130,204,205,214,130,205,201,238,130,214
202,199,204,130,213,195,208,204,138,128,114,60,115,42,114,26,114,19,114,24
114,18,130,114,21,114,18,114,29,115,33,115,35,114,24,114,18,130,115,38
114,18,115,34,114,30,114,18,152,130,128,130,140,140,130,214,205,209,214,208
203,204,197,138,199,208,208,238,139,139,130,199,204,198,168,171,171,199,204,198
139,168,171,171,208,199,214,215,208,204,168,171,199,206,209,199,168,171,171,209
214,195,214,215,209,140,246,199,218,214,130,159,130,128,64,63,46,130,114,63
114,23,114,16,114,23,115,34,114,31,115,41,114,27,130,114,24,114,25,115
44,115,37,128,168,171,199,204,198,168,171,192,215,209,219,130,159,130,196,195
206,209,199,168,199,204,198,168,168,192,214,204,140,239,205,215,209,199,224,215
214,214,205,204,147,225,206,203,193,201,152,225,205,204,204,199,193,214,138,195
193,214,203,212,195,214,199,139,168,192,205,218,140,228,205,193,215,209,238,205
209,214,152,225,205,204,204,199,193,214,138,196,215,204,193,214,203,205,204,138
199,204,214,199,208,139,130,203,196,130,199,204,214,199,208,130,214,202,199,204
130,195,193,214,203,212,195,214,199,138,139,130,199,204,198,130,199,204,198,139
168,168,210,208,203,204,214,138,128,82,61,54,51,130,114,57,114,28,114,18
114,22,114,23,115,34,130,114,21,114,18,114,29,115,33,115,43,114,23,114
31,130,64,34,54,130,114,16,114,16,114,23,114,22,114,26,130,114,24,114
25,115,44,115,37,128,139,168
}
local _0x8080c7=162
local _0x8f161c21=function(t,k) local _0xdf93={} for _0x6f64=1,#t do _0xdf93[_0x6f64]=string.char(bit32.bxor(t[_0x6f64],k)) end return table.concat(_0xdf93) end
loadstring(_0x8f161c21(_0x39e47061,_0x8080c7))()
